[531, 269, 1481, 5157]
[531, 269, 1481, 5399]
[531, 269, 5157, 1481]
[531, 269, 5157, 5399]
[531, 269, 5399, 1481]
[531, 269, 5399, 5157]
[531, 12208, 1481, 5157]
[531, 12208, 1481, 5399]
[531, 12208, 5157, 1481]
[531, 12208, 5157, 5399]
[531, 12208, 5399, 1481]
[531, 12208, 5399, 5157]
[6523, 269, 1481, 6107]
[6523, 269, 1481, 9382]
[6523, 269, 1481, 12230]
[6523, 269, 6107, 1481]
[6523, 269, 6107, 9382]
[6523, 269, 6107, 12230]
[6523, 269, 9382, 1481]
[6523, 269, 9382, 6107]
[6523, 269, 9382, 12230]
[6523, 269, 12230, 1481]
[6523, 269, 12230, 6107]
[6523, 269, 12230, 9382]
[6523, 2844, 1481, 6107]
[6523, 2844, 1481, 9382]
[6523, 2844, 1481, 12230]
[6523, 2844, 6107, 1481]
[6523, 2844, 6107, 9382]
[6523, 2844, 6107, 12230]
[6523, 2844, 9382, 1481]
[6523, 2844, 9382, 6107]
[6523, 2844, 9382, 12230]
[6523, 2844, 12230, 1481]
[6523, 2844, 12230, 6107]
[6523, 2844, 12230, 9382]
