STWIG ALG, 10000 muchii

[(1488, {'label': '28'}), (7465, {'label': '18'})]
stwigs: [[1488, [7465]]]
Starting producer => 2308
Iter num: 0
Results from STwig Algorithm: 
[563, [7465]]
[1488, [7465]]
[1504, [7465]]
[1600, [8066]]
[1664, [7465]]
[3574, [7465]]
[3654, [3578]]
[4119, [7465]]
[4634, [7465]]
[5514, [8066]]
[5867, [11041]]
[6021, [7465]]
[8096, [10881]]
[8415, [7465]]
[9467, [7465]]
[10221, [7465]]
[11268, [10532]]

Total exec time: 1.6000000009341875e-06

VF2 ALG, 10000 muchii

OK
Data root: 3654
[3654, (7465, [3578])]
2

OK
Data root: 11268
[11268, (7465, [10532])]
2

OK
Data root: 1504
[1504, (7465, [7465])]
2

OK
Data root: 1664
[1664, (7465, [7465])]
2

OK
Data root: 9467
[9467, (7465, [7465])]
2

OK
Data root: 1600
[1600, (7465, [8066])]
2

OK
Data root: 5867
[5867, (7465, [11041])]
2

OK
Data root: 563
[563, (7465, [7465])]
2

OK
Data root: 1488
[1488, (7465, [7465])]
2

OK
Data root: 4119
[4119, (7465, [7465])]
2

OK
Data root: 4634
[4634, (7465, [7465])]
2

OK
Data root: 6021
[6021, (7465, [7465])]
2

OK
Data root: 3574
[3574, (7465, [7465])]
2

OK
Data root: 8415
[8415, (7465, [7465])]
2

OK
Data root: 10221
[10221, (7465, [7465])]
2

OK
Data root: 5514
[5514, (7465, [8066])]
2

OK
Data root: 8096
[8096, (7465, [10881])]
2


STWIG ALG, 10000 muchii

[(1773, {'label': '25'}), (1488, {'label': '28'}), (1898, {'label': '29'}), (2285, {'label': '27'})]
stwigs: [[1773, [1488, 1898, 2285]]]
Starting producer => 18116
Iter num: 0
Results from STwig Algorithm: 
[1678, [563, 4023, 606]]
[1678, [563, 4023, 1437]]
[1678, [563, 4023, 5278]]
[1678, [563, 4023, 11349]]
[1678, [563, 5259, 606]]
[1678, [563, 5259, 1437]]
[1678, [563, 5259, 5278]]
[1678, [563, 5259, 11349]]
[1678, [563, 6360, 606]]
[1678, [563, 6360, 1437]]
[1678, [563, 6360, 5278]]
[1678, [563, 6360, 11349]]
[1678, [563, 7799, 606]]
[1678, [563, 7799, 1437]]
[1678, [563, 7799, 5278]]
[1678, [563, 7799, 11349]]
[1678, [1941, 4023, 606]]
[1678, [1941, 4023, 1437]]
[1678, [1941, 4023, 5278]]
[1678, [1941, 4023, 11349]]
[1678, [1941, 5259, 606]]
[1678, [1941, 5259, 1437]]
[1678, [1941, 5259, 5278]]
[1678, [1941, 5259, 11349]]
[1678, [1941, 6360, 606]]
[1678, [1941, 6360, 1437]]
[1678, [1941, 6360, 5278]]
[1678, [1941, 6360, 11349]]
[1678, [1941, 7799, 606]]
[1678, [1941, 7799, 1437]]
[1678, [1941, 7799, 5278]]
[1678, [1941, 7799, 11349]]
[1678, [5960, 4023, 606]]
[1678, [5960, 4023, 1437]]
[1678, [5960, 4023, 5278]]
[1678, [5960, 4023, 11349]]
[1678, [5960, 5259, 606]]
[1678, [5960, 5259, 1437]]
[1678, [5960, 5259, 5278]]
[1678, [5960, 5259, 11349]]
[1678, [5960, 6360, 606]]
[1678, [5960, 6360, 1437]]
[1678, [5960, 6360, 5278]]
[1678, [5960, 6360, 11349]]
[1678, [5960, 7799, 606]]
[1678, [5960, 7799, 1437]]
[1678, [5960, 7799, 5278]]
[1678, [5960, 7799, 11349]]
[1773, [1488, 0, 2285]]
[1773, [1488, 0, 3301]]
[1773, [1488, 1898, 2285]]
[1773, [1488, 1898, 3301]]
[1773, [1488, 7475, 2285]]
[1773, [1488, 7475, 3301]]
[2980, [8096, 7401, 1593]]
[2980, [8096, 7401, 10890]]
[10176, [1099, 2213, 2491]]
[10176, [1099, 2213, 2850]]
[10176, [1099, 2213, 3549]]
[10176, [1099, 2213, 6058]]
[10176, [1099, 2213, 9862]]
[10176, [1099, 2213, 10646]]
[10176, [1099, 2213, 11944]]
[10176, [1099, 2213, 12489]]
[10176, [1099, 7922, 2491]]
[10176, [1099, 7922, 2850]]
[10176, [1099, 7922, 3549]]
[10176, [1099, 7922, 6058]]
[10176, [1099, 7922, 9862]]
[10176, [1099, 7922, 10646]]
[10176, [1099, 7922, 11944]]
[10176, [1099, 7922, 12489]]
[10176, [1099, 10368, 2491]]
[10176, [1099, 10368, 2850]]
[10176, [1099, 10368, 3549]]
[10176, [1099, 10368, 6058]]
[10176, [1099, 10368, 9862]]
[10176, [1099, 10368, 10646]]
[10176, [1099, 10368, 11944]]
[10176, [1099, 10368, 12489]]
[10176, [1099, 11876, 2491]]
[10176, [1099, 11876, 2850]]
[10176, [1099, 11876, 3549]]
[10176, [1099, 11876, 6058]]
[10176, [1099, 11876, 9862]]
[10176, [1099, 11876, 10646]]
[10176, [1099, 11876, 11944]]
[10176, [1099, 11876, 12489]]
[10176, [12438, 2213, 2491]]
[10176, [12438, 2213, 2850]]
[10176, [12438, 2213, 3549]]
[10176, [12438, 2213, 6058]]
[10176, [12438, 2213, 9862]]
[10176, [12438, 2213, 10646]]
[10176, [12438, 2213, 11944]]
[10176, [12438, 2213, 12489]]
[10176, [12438, 7922, 2491]]
[10176, [12438, 7922, 2850]]
[10176, [12438, 7922, 3549]]
[10176, [12438, 7922, 6058]]
[10176, [12438, 7922, 9862]]
[10176, [12438, 7922, 10646]]
[10176, [12438, 7922, 11944]]
[10176, [12438, 7922, 12489]]
[10176, [12438, 10368, 2491]]
[10176, [12438, 10368, 2850]]
[10176, [12438, 10368, 3549]]
[10176, [12438, 10368, 6058]]
[10176, [12438, 10368, 9862]]
[10176, [12438, 10368, 10646]]
[10176, [12438, 10368, 11944]]
[10176, [12438, 10368, 12489]]
[10176, [12438, 11876, 2491]]
[10176, [12438, 11876, 2850]]
[10176, [12438, 11876, 3549]]
[10176, [12438, 11876, 6058]]
[10176, [12438, 11876, 9862]]
[10176, [12438, 11876, 10646]]
[10176, [12438, 11876, 11944]]
[10176, [12438, 11876, 12489]]

Total exec time: 1.499999996212864e-06

VF2 ALG, 10000 muchii

OK
Data root: 1773
[1773, (1488, [1488]), (1898, [0, 1898, 7475]), (2285, [2285, 3301])]
4

OK
Data root: 2980
[2980, (1488, [8096]), (1898, [7401]), (2285, [1593, 10890])]
4

OK
Data root: 1678
[1678, (1488, [563, 5960, 1941]), (1898, [4023, 5259, 6360, 7799]), (2285, [11349, 1437, 606, 5278])]
4

OK
Data root: 10176
[10176, (1488, [1099, 12438]), (1898, [2213, 7922, 10368, 11876]), (2285, [2850, 2491, 12489, 3549, 6058, 9862, 10646, 11944])]
4

STWIG ALG, 10000 muchii

[(1898, {'label': '29'}), (1347, {'label': '31'}), (5596, {'label': '9'})]
stwigs: [[1898, [1347, 5596]]]
Starting producer => 12404
Iter num: 0
Results from STwig Algorithm: 
[1898, [1347, 5596]]
[2644, [664, 1210]]
[2644, [664, 6200]]
[2644, [664, 7114]]
[2670, [7450, 1854]]
[2670, [7450, 2438]]
[2670, [7450, 4948]]
[2670, [8879, 1854]]
[2670, [8879, 2438]]
[2670, [8879, 4948]]
[2670, [10883, 1854]]
[2670, [10883, 2438]]
[2670, [10883, 4948]]
[6448, [9362, 517]]
[6448, [9362, 702]]
[6448, [9362, 1016]]
[6448, [9362, 3746]]
[6448, [9362, 6033]]
[6448, [9362, 8590]]
[6448, [9362, 9743]]
[6448, [9362, 10299]]
[8530, [947, 5577]]
[8530, [5764, 5577]]

Total exec time: 1.5999999973814738e-06

VF2 ALG, 10000 muchii

Data root: 8530
[8530, (1347, [947, 5764]), (5596, [5577])]
3

Data root: 2644
[2644, (1347, [664]), (5596, [1210, 6200, 7114])]
3

Data root: 6448
[6448, (1347, [9362]), (5596, [1016, 10299, 702, 8590, 9743, 3746, 6033, 517])]
3

Data root: 1898
[1898, (1347, [1347]), (5596, [5596])]
3

Data root: 2670
[2670, (1347, [10883, 7450, 8879]), (5596, [4948, 1854, 2438])]
3

STWIG ALG, 10000 muchii

[(0, {'label': '29'}), (1773, {'label': '25'}), (1817, {'label': '19'}), (2428, {'label': '6'})]
stwigs: [[0, [1773, 1817, 2428]]]
Starting producer => 14652
Iter num: 0
Results from STwig Algorithm: 
[0, [1773, 1817, 2428]]
[2670, [1230, 5750, 362]]
[2670, [8701, 5750, 362]]

Total exec time: 2.2000000008404186e-06

VF2 ALG, 10000 muchii

Data root: 0
[0, (1773, [1773]), (1817, [1817]), (2428, [2428])]
4

Data root: 2670
[2670, (1773, [1230, 8701]), (1817, [5750]), (2428, [362])]
4

STWIG ALG, 10000 muchii

[(0, {'label': '29'}), (1773, {'label': '25'}), (1817, {'label': '19'}), (2428, {'label': '6'}), (4426, {'label': '13'})]
stwigs: [[0, [1773, 1817, 2428, 4426]]] - Label-urile dintre noduri au sunt diferite intre ele.
Starting producer => 4580
Iter num: 0
Results from STwig Algorithm:
[0, [1773, 1817, 2428, 4426]]
[2670, [1230, 5750, 362, 8988]]
[2670, [1230, 5750, 362, 9659]]
[2670, [1230, 5750, 362, 9731]]
[2670, [8701, 5750, 362, 8988]]
[2670, [8701, 5750, 362, 9659]]
[2670, [8701, 5750, 362, 9731]]

Total exec time: 1.8000000068241206e-06

VF2 ALG, 10000 muchii

Data root: 0
[0, (1773, [1773]), (1817, [1817]), (2428, [2428]), (4426, [4426])]
5

Data root: 2670
[2670, (1773, [1230, 8701]), (1817, [5750]), (2428, [362]), (4426, [8988, 9659, 9731])]
5

STWIG ALG, 10000 muchii

[(0, {'label': '29'}), (1773, {'label': '25'}), (1817, {'label': '19'}), (2428, {'label': '6'}), (3719, {'label': '29'})]
stwigs: [[0, [1773, 1817, 2428, 3719]]] - Avem doua noduri care au acelasi label, nodurile 0 si 3719 au label-ul 29.
Starting producer => 3116
Iter num: 0
Results from STwig Algorithm:
[0, [1773, 1817, 2428, 3719]]
[2670, [1230, 5750, 362, 2838]]
[2670, [1230, 5750, 362, 3876]]
[2670, [1230, 5750, 362, 9526]]
[2670, [8701, 5750, 362, 2838]]
[2670, [8701, 5750, 362, 3876]]
[2670, [8701, 5750, 362, 9526]]

Total exec time: 3.499999998268777e-06

VF2 ALG, 10000 muchii

Data root: 0
[0, (1773, [1773]), (1817, [1817]), (2428, [2428]), (3719, [3719])]
5

Data root: 2670
[2670, (1773, [1230, 8701]), (1817, [5750]), (2428, [362]), (3719, [2838, 3876, 9526])]
5