STWIG ALG:
Results from multiprocessing: 
['1', [2, 3, 4]]
['1', [2, 3, 8]]
['1', [2, 7, 4]]
['1', [2, 7, 8]]
['1', [6, 3, 4]]
['1', [6, 3, 8]]
['1', [6, 7, 4]]
['1', [6, 7, 8]]
['1', [10, 3, 4]]
['1', [10, 3, 8]]
['1', [10, 7, 4]]
['1', [10, 7, 8]]
['5', [6, 3, 4]]
['5', [6, 3, 8]]
['5', [6, 7, 4]]
['5', [6, 7, 8]]
['5', [10, 3, 4]]
['5', [10, 3, 8]]
['5', [10, 7, 4]]
['5', [10, 7, 8]]
['9', [10, 7, 8]]

BACKTRACKING:
List of complete solutions: 
[[1, 2, 3, 4], 
[1, 2, 3, 8], 
[1, 2, 7, 4], 
[1, 2, 7, 8], 
[1, 6, 3, 4], 
[1, 6, 3, 8], 
[1, 6, 7, 4], 
[1, 6, 7, 8], 
[1, 10, 3, 4], 
[1, 10, 3, 8], 
[1, 10, 7, 4], 
[1, 10, 7, 8], 
[5, 6, 3, 4], 
[5, 6, 3, 8], 
[5, 6, 7, 4], 
[5, 6, 7, 8], 
[5, 10, 3, 4], 
[5, 10, 3, 8], 
[5, 10, 7, 4], 
[5, 10, 7, 8], 
[9, 10, 7, 8]]

VF2:
[['Query root: 1'], ['Data root: 1'], [[(2, [2, 6, 10]), (3, [3, 7]), (4, [4, 8])]]]
[['Query root: 1'], ['Data root: 5'], [[(2, [6, 10]), (3, [3, 7]), (4, [4, 8])]]]
[['Query root: 1'], ['Data root: 9'], [[(2, [10]), (3, [7]), (4, [8])]]]

PENTRU QUERY GRAPH CU PATRU NODURI.
