0,1773
0,1817
0,2428
0,3719
0,4426
0,8214
0,9148
1773,1488
1773,1898
1773,2285
1773,3301
1773,3332
1773,3366
1773,4560
1773,7475
1773,8028
1817,1024
1817,2326
1817,3238
1817,3253
1817,3366
1817,3694
1817,3963
1817,4560
1817,4878
1817,5569
1817,7252
1817,10382
1817,11040
2428,2346
2428,4560
2428,5137
2428,5432
2428,5662
2428,6913
2428,8609
2428,9675
3719,850
3719,1287
3719,2035
3719,2611
3719,2764
3719,3366
3719,3482
3719,4005
3719,4560
3719,4590
3719,4723
3719,5882
3719,6874
3719,7271
3719,7711
3719,8172
3719,8281
3719,8401
3719,9110
3719,10655
3719,11274
3719,11881
3719,12159
4426,1898
4426,3366
4426,6147
4426,8028
8214,1533
8214,2096
8214,2202
8214,2400
8214,2438
8214,2589
8214,2598
8214,2614
8214,2670
8214,3238
8214,3253
8214,3366
8214,3620
8214,3963
8214,4164
8214,4560
8214,4878
8214,5569
8214,5636
8214,5689
8214,6418
8214,6615
8214,7030
8214,7071
8214,7218
8214,7465
8214,7640
8214,8042
8214,8375
8214,8441
8214,9535
8214,10547
8214,10553
8214,11041
8214,11213
8214,11658
8214,11681
9148,639
9148,2581
9148,3366
9148,4560
9148,5296
9148,5526
9148,7563
9148,10669
9148,10817
9148,10825
1,626
1,1347
1,3370
1,5596
1,7451
626,2400
626,8131
626,10124
626,10499
626,12274
626,12550
1347,17
1347,552
1347,1151
1347,1244
1347,1604
1347,1898
1347,2467
1347,3238
1347,3366
1347,3382
1347,3414
1347,4247
1347,4741
1347,5042
1347,5867
1347,6615
1347,6766
1347,7711
1347,7765
1347,8131
1347,10232
1347,11046
3370,5291
3370,7510
3370,8817
3370,10169
3370,10347
3370,11050
3370,11835
5596,17
5596,254
5596,552
5596,980
5596,1151
5596,1443
5596,1701
5596,1893
5596,1898
5596,2129
5596,2467
5596,2650
5596,3238
5596,3366
5596,3414
5596,3863
5596,5992
5596,6766
5596,6881
5596,8131
5596,8329
5596,8792
5596,10649
5596,11658
7451,17
7451,552
7451,1115
7451,1151
7451,1244
7451,1604
7451,1701
7451,1893
7451,1898
7451,2129
7451,2467
7451,2650
7451,3238
7451,3366
7451,3382
7451,3414
7451,3464
7451,3863
7451,5042
7451,6766
7451,6880
7451,6881
7451,7711
7451,8131
7451,8792
7451,10649
7451,11046
2,269
2,790
2,2891
2,6149
2,6523
2,6654
2,6790
2,6997
2,7190
2,7962
2,9377
2,9573
2,10881
2,11574
2,11965
2,12143
2,12472
269,3
269,50
269,111
269,142
269,314
269,330
269,349
269,528
269,531
269,533
269,731
269,780
269,790
269,796
269,817
269,831
269,834
269,924
269,943
269,955
269,1016
269,1068
269,1083
269,1127
269,1225
269,1322
269,1326
269,1367
269,1400
269,1481
269,1504
269,1518
269,1552
269,1602
269,1639
269,1641
269,1664
269,1683
269,1709
269,1721
269,1744
269,1752
269,1844
269,1871
269,1879
269,1907
269,2076
269,2150
269,2219
269,2345
269,2349
269,2373
269,2395
269,2400
269,2406
269,2412
269,2438
269,2510
269,2564
269,2612
269,2625
269,2676
269,2722
269,2821
269,2830
269,2840
269,2844
269,2850
269,2891
269,2974
269,3043
269,3064
269,3083
269,3179
269,3222
269,3258
269,3276
269,3301
269,3332
269,3343
269,3468
269,3482
269,3526
269,3617
269,3629
269,3717
269,3787
269,3913
269,3956
269,4092
269,4123
269,4421
269,4636
269,4731
269,4762
269,4787
269,4843
269,4914
269,4941
269,4976
269,5086
269,5264
269,5396
269,5414
269,5464
269,5486
269,5541
269,5646
269,5665
269,5689
269,5794
269,5808
269,6107
269,6149
269,6271
269,6320
269,6325
269,6331
269,6335
269,6340
269,6341
269,6381
269,6402
269,6404
269,6409
269,6434
269,6444
269,6448
269,6482
269,6493
269,6514
269,6523
269,6613
269,6654
269,6669
269,6721
269,6880
269,6892
269,6900
269,6919
269,6997
269,7016
269,7020
269,7090
269,7113
269,7152
269,7175
269,7201
269,7202
269,7267
269,7271
269,7289
269,7310
269,7314
269,7374
269,7387
269,7412
269,7440
269,7465
269,7477
269,7535
269,7540
269,7585
269,7650
269,7683
269,7692
269,7711
269,7829
269,7962
269,7977
269,7982
269,7990
269,7993
269,7999
269,8014
269,8032
269,8043
269,8072
269,8134
269,8189
269,8224
269,8244
269,8261
269,8281
269,8317
269,8370
269,8389
269,8399
269,8426
269,8478
269,8535
269,8663
269,8832
269,9015
269,9023
269,9070
269,9203
269,9247
269,9303
269,9318
269,9362
269,9377
269,9384
269,9402
269,9412
269,9434
269,9467
269,9475
269,9521
269,9562
269,9564
269,9573
269,9772
269,9783
269,9787
269,9854
269,9858
269,9868
269,9930
269,10052
269,10058
269,10074
269,10213
269,10262
269,10298
269,10401
269,10456
269,10458
269,10509
269,10543
269,10544
269,10572
269,10673
269,10840
269,10859
269,10971
269,10978
269,11008
269,11010
269,11017
269,11128
269,11222
269,11272
269,11286
269,11291
269,11328
269,11339
269,11391
269,11398
269,11409
269,11477
269,11490
269,11512
269,11530
269,11664
269,11682
269,11750
269,11774
269,11861
269,11899
269,11904
269,11998
269,12031
269,12230
269,12350
269,12380
269,12386
269,12472
269,12536
269,12561
790,77
790,381
790,386
790,468
790,623
790,752
790,776
790,943
790,977
790,1016
790,1340
790,1443
790,1498
790,1677
790,1873
790,1884
790,1997
790,2051
790,2261
790,2438
790,2612
790,2696
790,2779
790,2969
790,3006
790,3073
790,3543
790,3586
790,3628
790,4079
790,4231
790,4636
790,4814
790,4915
790,5264
790,5290
790,5689
790,5777
790,5884
790,6193
790,6485
790,6660
790,6669
790,6774
790,6970
790,7337
790,7342
790,7374
790,7461
790,7683
790,7691
790,7739
790,7962
790,8222
790,8224
790,8261
790,8283
790,8328
790,8399
790,8479
790,8758
790,8992
790,9290
790,9467
790,9498
790,9783
790,9859
790,9925
790,10298
790,10320
790,10603
790,11044
790,11184
790,11315
790,11335
790,11924
790,11934
790,12143
2891,295
2891,660
2891,714
2891,924
2891,979
2891,990
2891,1288
2891,1518
2891,1602
2891,2173
2891,2270
2891,2438
2891,2508
2891,2612
2891,2974
2891,3191
2891,3730
2891,3787
2891,3971
2891,4731
2891,5407
2891,5665
2891,5808
2891,5974
2891,6149
2891,6320
2891,6393
2891,6434
2891,7256
2891,7542
2891,7711
2891,8072
2891,8273
2891,8370
2891,9005
2891,9815
2891,9854
2891,10456
2891,10674
2891,11088
2891,11574
2891,12536
6149,148
6149,330
6149,780
6149,817
6149,834
6149,888
6149,943
6149,979
6149,1127
6149,1225
6149,1256
6149,1400
6149,1481
6149,1744
6149,1765
6149,2269
6149,2345
6149,2438
6149,2508
6149,2612
6149,2696
6149,2844
6149,2850
6149,2976
6149,3222
6149,3971
6149,4092
6149,4692
6149,5152
6149,5498
6149,5665
6149,5808
6149,5838
6149,5859
6149,6340
6149,6409
6149,6440
6149,6444
6149,6482
6149,6835
6149,6861
6149,7060
6149,7152
6149,7190
6149,7440
6149,7542
6149,7650
6149,7882
6149,7923
6149,7977
6149,8072
6149,8244
6149,8261
6149,8317
6149,8640
6149,9005
6149,9377
6149,9467
6149,9573
6149,9788
6149,9929
6149,9930
6149,9953
6149,10184
6149,10978
6149,11222
6149,11291
6149,11574
6149,11904
6149,11998
6149,12536
6523,207
6523,796
6523,979
6523,1127
6523,1225
6523,1400
6523,1437
6523,1481
6523,1678
6523,1744
6523,2270
6523,2508
6523,2560
6523,2696
6523,2844
6523,2909
6523,3971
6523,4040
6523,4079
6523,4915
6523,5515
6523,5577
6523,5587
6523,6107
6523,6440
6523,6900
6523,7542
6523,7982
6523,8430
6523,9219
6523,9382
6523,9402
6523,9467
6523,9783
6523,9788
6523,9929
6523,9930
6523,10401
6523,11315
6523,11574
6523,12230
6523,12536
6654,182
6654,199
6654,327
6654,330
6654,450
6654,505
6654,681
6654,736
6654,753
6654,780
6654,817
6654,831
6654,834
6654,943
6654,954
6654,990
6654,1168
6654,1172
6654,1175
6654,1224
6654,1225
6654,1259
6654,1518
6654,1677
6654,1744
6654,1769
6654,1884
6654,1917
6654,1957
6654,1970
6654,2191
6654,2202
6654,2270
6654,2400
6654,2416
6654,2438
6654,2542
6654,2564
6654,2612
6654,2692
6654,2840
6654,2850
6654,2926
6654,2976
6654,3129
6654,3137
6654,3167
6654,3183
6654,3222
6654,3258
6654,3343
6654,3347
6654,3357
6654,3466
6654,3476
6654,3702
6654,3885
6654,4005
6654,4079
6654,4220
6654,4240
6654,4263
6654,4461
6654,4508
6654,4712
6654,4723
6654,4778
6654,4915
6654,5086
6654,5301
6654,5407
6654,5426
6654,5464
6654,5486
6654,5526
6654,5653
6654,5665
6654,5689
6654,5794
6654,5826
6654,5971
6654,5974
6654,6315
6654,6444
6654,6863
6654,6880
6654,6927
6654,7020
6654,7190
6654,7201
6654,7271
6654,7335
6654,7412
6654,7465
6654,7558
6654,7626
6654,7650
6654,7711
6654,7767
6654,7775
6654,7883
6654,7913
6654,7945
6654,7993
6654,8032
6654,8067
6654,8164
6654,8224
6654,8261
6654,8281
6654,8317
6654,8430
6654,8587
6654,8595
6654,8617
6654,8648
6654,8679
6654,8687
6654,8712
6654,8728
6654,8765
6654,9110
6654,9235
6654,9377
6654,9467
6654,9614
6654,9772
6654,9783
6654,9788
6654,9799
6654,9807
6654,9928
6654,9930
6654,10053
6654,10160
6654,10298
6654,10348
6654,10363
6654,10401
6654,10516
6654,10591
6654,10609
6654,10760
6654,10777
6654,10978
6654,11000
6654,11216
6654,11315
6654,11490
6654,11574
6654,11774
6654,11865
6654,11885
6654,11896
6654,11911
6654,12031
6654,12472
6654,12536
6654,12541
6790,64
6790,225
6790,330
6790,664
6790,741
6790,773
6790,1076
6790,1482
6790,1600
6790,1754
6790,1872
6790,2229
6790,2236
6790,2438
6790,2508
6790,2564
6790,2581
6790,2612
6790,2708
6790,2732
6790,2817
6790,2850
6790,2878
6790,3132
6790,3179
6790,3248
6790,3522
6790,3526
6790,3617
6790,3633
6790,3638
6790,3671
6790,3941
6790,4011
6790,4024
6790,4372
6790,4518
6790,4695
6790,4935
6790,4981
6790,5060
6790,5083
6790,5098
6790,5147
6790,5157
6790,5170
6790,5266
6790,5399
6790,5406
6790,5440
6790,5619
6790,5687
6790,5689
6790,5840
6790,5851
6790,6455
6790,6512
6790,6526
6790,6698
6790,6843
6790,6874
6790,6938
6790,7020
6790,7114
6790,7156
6790,7175
6790,7206
6790,7256
6790,7267
6790,7406
6790,7666
6790,7762
6790,7910
6790,8011
6790,8028
6790,8186
6790,8281
6790,8429
6790,8437
6790,8465
6790,8611
6790,8612
6790,8632
6790,8820
6790,9110
6790,9614
6790,9662
6790,9997
6790,10105
6790,10176
6790,10262
6790,10363
6790,10546
6790,10736
6790,11014
6790,11052
6790,11060
6790,11237
6790,11483
6790,11612
6790,11750
6790,12015
6790,12031
6790,12278
6790,12505
6997,1744
6997,7201
6997,9788
6997,9930
6997,12536
7190,137
7190,419
7190,450
7190,796
7190,1078
7190,1256
7190,1325
7190,1542
7190,1884